sphere
83.3333333333 225.0 -133.333333333 16
sphere
83.3333333333 205.555555556 -100.0 16
sphere
83.3333333333 191.666666667 -66.6666666667 16
sphere
83.3333333333 183.333333333 -33.3333333333 16
sphere
83.3333333333 180.555555556 0.0 16
sphere
83.3333333333 183.333333333 33.3333333333 16
sphere
83.3333333333 191.666666667 66.6666666667 16
sphere
83.3333333333 205.555555556 100.0 16
sphere
83.3333333333 225.0 133.333333333 16
sphere
116.666666667 250.0 -133.333333333 16
sphere
116.666666667 230.555555556 -100.0 16
sphere
116.666666667 216.666666667 -66.6666666667 16
sphere
116.666666667 208.333333333 -33.3333333333 16
sphere
116.666666667 205.555555556 0.0 16
sphere
116.666666667 208.333333333 33.3333333333 16
sphere
116.666666667 216.666666667 66.6666666667 16
sphere
116.666666667 230.555555556 100.0 16
sphere
116.666666667 250.0 133.333333333 16
sphere
150.0 269.444444444 -133.333333333 16
sphere
150.0 250.0 -100.0 16
sphere
150.0 236.111111111 -66.6666666667 16
sphere
150.0 227.777777778 -33.3333333333 16
sphere
150.0 225.0 0.0 16
sphere
150.0 227.777777778 33.3333333333 16
sphere
150.0 236.111111111 66.6666666667 16
sphere
150.0 250.0 100.0 16
sphere
150.0 269.444444444 133.333333333 16
sphere
183.333333333 308.333333333 -166.666666667 16
sphere
183.333333333 283.333333333 -133.333333333 16
sphere
183.333333333 263.888888889 -100.0 16
sphere
183.333333333 250.0 -66.6666666667 16
sphere
183.333333333 241.666666667 -33.3333333333 16
sphere
183.333333333 238.888888889 0.0 16
sphere
183.333333333 241.666666667 33.3333333333 16
sphere
183.333333333 250.0 66.6666666667 16
sphere
183.333333333 263.888888889 100.0 16
sphere
183.333333333 283.333333333 133.333333333 16
sphere
183.333333333 308.333333333 166.666666667 16
sphere
216.666666667 316.666666667 -166.666666667 16
sphere
216.666666667 291.666666667 -133.333333333 16
sphere
216.666666667 272.222222222 -100.0 16
sphere
216.666666667 258.333333333 -66.6666666667 16
sphere
216.666666667 250.0 -33.3333333333 16
sphere
216.666666667 247.222222222 0.0 16
sphere
216.666666667 250.0 33.3333333333 16
sphere
216.666666667 258.333333333 66.6666666667 16
sphere
216.666666667 272.222222222 100.0 16
sphere
216.666666667 291.666666667 133.333333333 16
sphere
216.666666667 316.666666667 166.666666667 16
sphere
250.0 319.444444444 -166.666666667 16
sphere
250.0 294.444444444 -133.333333333 16
sphere
250.0 275.0 -100.0 16
sphere
250.0 261.111111111 -66.6666666667 16
sphere
250.0 252.777777778 -33.3333333333 16
sphere
250.0 250.0 0.0 16
sphere
250.0 252.777777778 33.3333333333 16
sphere
250.0 261.111111111 66.6666666667 16
sphere
250.0 275.0 100.0 16
sphere
250.0 294.444444444 133.333333333 16
sphere
250.0 319.444444444 166.666666667 16
sphere
283.333333333 316.666666667 -166.666666667 16
sphere
283.333333333 291.666666667 -133.333333333 16
sphere
283.333333333 272.222222222 -100.0 16
sphere
283.333333333 258.333333333 -66.6666666667 16
sphere
283.333333333 250.0 -33.3333333333 16
sphere
283.333333333 247.222222222 0.0 16
sphere
283.333333333 250.0 33.3333333333 16
sphere
283.333333333 258.333333333 66.6666666667 16
sphere
283.333333333 272.222222222 100.0 16
sphere
283.333333333 291.666666667 133.333333333 16
sphere
283.333333333 316.666666667 166.666666667 16
sphere
316.666666667 308.333333333 -166.666666667 16
sphere
316.666666667 283.333333333 -133.333333333 16
sphere
316.666666667 263.888888889 -100.0 16
sphere
316.666666667 250.0 -66.6666666667 16
sphere
316.666666667 241.666666667 -33.3333333333 16
sphere
316.666666667 238.888888889 0.0 16
sphere
316.666666667 241.666666667 33.3333333333 16
sphere
316.666666667 250.0 66.6666666667 16
sphere
316.666666667 263.888888889 100.0 16
sphere
316.666666667 283.333333333 133.333333333 16
sphere
316.666666667 308.333333333 166.666666667 16
sphere
350.0 269.444444444 -133.333333333 16
sphere
350.0 250.0 -100.0 16
sphere
350.0 236.111111111 -66.6666666667 16
sphere
350.0 227.777777778 -33.3333333333 16
sphere
350.0 225.0 0.0 16
sphere
350.0 227.777777778 33.3333333333 16
sphere
350.0 236.111111111 66.6666666667 16
sphere
350.0 250.0 100.0 16
sphere
350.0 269.444444444 133.333333333 16
sphere
383.333333333 250.0 -133.333333333 16
sphere
383.333333333 230.555555556 -100.0 16
sphere
383.333333333 216.666666667 -66.6666666667 16
sphere
383.333333333 208.333333333 -33.3333333333 16
sphere
383.333333333 205.555555556 0.0 16
sphere
383.333333333 208.333333333 33.3333333333 16
sphere
383.333333333 216.666666667 66.6666666667 16
sphere
383.333333333 230.555555556 100.0 16
sphere
383.333333333 250.0 133.333333333 16
sphere
416.666666667 225.0 -133.333333333 16
sphere
416.666666667 205.555555556 -100.0 16
sphere
416.666666667 191.666666667 -66.6666666667 16
sphere
416.666666667 183.333333333 -33.3333333333 16
sphere
416.666666667 180.555555556 0.0 16
sphere
416.666666667 183.333333333 33.3333333333 16
sphere
416.666666667 191.666666667 66.6666666667 16
sphere
416.666666667 205.555555556 100.0 16
sphere
416.666666667 225.0 133.333333333 16
ident
move
0 -250 0
rotate
x 35
move
0 250 0
move
-250 0 0
rotate
y -55
move
250 0 0
move
-250 -250 0
rotate
z -15
move
250 250 0
apply
display
save
lay.png